# test
  0.000000 100.000000
  1.000000  95.235046
  2.000000  90.521408
  3.000000  80.222679
  4.000000  69.901939
  5.000000  69.194664
  6.000000  68.504730
  7.000000  68.306206
  8.000000  68.101974
  9.000000  64.405022
 10.000000  42.857689
 11.000000  24.917915
 12.000000  24.749321
 13.000000  24.501511
 14.000000  24.345985
 15.000001  24.265160
 16.000000  24.173874
 17.000000  12.484726
 18.000000   0.829819
 19.000000   0.815048
 20.000000   0.809410
 21.000000   0.802376
 22.000000   0.800339
 23.000000   0.791710
 24.000000   0.783112
 25.000000   0.778236
 26.000000   0.759094
 27.000000   0.744835
 28.000000   0.740257
 28.999998   0.735695
 30.000002   0.707321
 31.000000   0.678947
 32.000000   0.678947
 33.000000   0.601112
 34.000000   0.523277
 35.000000   0.523277
 36.000000   0.523277
 37.000000   0.523277
 38.000000   0.523277
 39.000000   0.495056
 40.000000   0.466843
 41.000000   0.466843
 42.000000   0.462456
 43.000000   0.430252
 44.000000   0.402435
 45.000000   0.402435
 46.000000   0.402435
 47.000000   0.402435
 48.000000   0.402084
 49.000000   0.394699
 50.000000   0.387665
 51.000000   0.370384
 52.000000   0.346046
 53.000000   0.338982
 54.000000   0.000000

