25
25
26
26
26
27
27
28
28
29
29
30
30
31
31
32
32
33
33
33
33
34
34
35
35
36
37
37
38
39
39
40
40
41
42
42
43
44
45
46
47
49
50
51
53
54
56
58
59
62
64
66
68
70
73
75
77
79
81
83
84
86
88
90
92
94
95
97
99
100
102
104
105
107
108
110
112
113
115
116
117
119
120
122
123
124
126
127
128
130
131
132
133
135
136
137
138
139
140
141
143
144
145
146
147
148
149
150
151
152
153
154
155
156
157
158
159
160
161
162
162
163
164
165
166
167
168
168
169
170
171
171
172
173
174
174
175
176
177
177
178
179
180
180
181
182
182
183
184
184
185
185
186
187
187
188
188
189
189
190
191
191
192
192
193
194
194
195
195
196
196
197
197
198
198
199
199
200
200
201
201
202
202
202
203
203
204
204
204
205
205
205
206
206
206
207
207
207
208
208
208
209
209
209
210
210
210
211
211
211
212
212
212
213
213
213
214
214
215
215
215
216
216
217
217
217
218
218
218
219
219
220
220
220
221
221
221
222
222
222
223
224
224
225
225
226
226
227
227
228
228
229
229
229
230
230